1677678412.000000, IBI
26.609375,0.687500
27.312500,0.703125
28.062500,0.750000
28.781250,0.718750
29.546875,0.765625
30.328125,0.781250
31.109375,0.781250
31.828125,0.718750
32.531250,0.703125
33.234375,0.703125
33.937500,0.703125
34.703125,0.765625
35.500000,0.796875
36.312500,0.812500
37.156250,0.843750
38.000000,0.843750
38.875000,0.875000
39.656250,0.781250
40.437500,0.781250
41.203125,0.765625
42.000000,0.796875
42.828125,0.828125
43.640625,0.812500
44.406250,0.765625
45.203125,0.796875
46.062500,0.859375
60.625000,0.796875
61.484375,0.859375
62.312500,0.828125
80.281250,0.765625
81.062500,0.781250
81.906250,0.843750
82.796875,0.890625
83.640625,0.843750
84.562500,0.921875
98.171875,0.890625
99.046875,0.875000
99.906250,0.859375
100.718750,0.812500
101.546875,0.828125
121.203125,0.890625
122.062500,0.859375
122.875000,0.812500
123.671875,0.796875
128.406250,0.718750
129.109375,0.703125
139.968750,0.734375
140.796875,0.828125
141.562500,0.765625
142.390625,0.828125
143.250000,0.859375
144.046875,0.796875
144.828125,0.781250
194.625000,0.750000
195.421875,0.796875
196.250000,0.828125
202.171875,0.890625
203.031250,0.859375
203.859375,0.828125
204.687500,0.828125
205.500000,0.812500
206.312500,0.812500
207.078125,0.765625
207.875000,0.796875
208.687500,0.812500
209.500000,0.812500
210.406250,0.906250
211.281250,0.875000
212.156250,0.875000
212.984375,0.828125
213.734375,0.750000
214.484375,0.750000
215.250000,0.765625
215.968750,0.718750
216.718750,0.750000
217.515625,0.796875
218.296875,0.781250
219.093750,0.796875
219.875000,0.781250
220.640625,0.765625
254.031250,0.687500
254.796875,0.765625
255.578125,0.781250
256.390625,0.812500
257.203125,0.812500
258.046875,0.843750
258.906250,0.859375
259.734375,0.828125
260.546875,0.812500
265.843750,0.875000
266.625000,0.781250
267.359375,0.734375
268.078125,0.718750
268.796875,0.718750
269.515625,0.718750
270.234375,0.718750
271.015625,0.781250
271.734375,0.718750
272.437500,0.703125
273.171875,0.734375
273.968750,0.796875
274.812500,0.843750
275.687500,0.875000
276.500000,0.812500
277.359375,0.859375
278.156250,0.796875
283.093750,0.843750
283.937500,0.843750
284.796875,0.859375
285.640625,0.843750
286.484375,0.843750
309.140625,0.812500
313.578125,0.687500
314.250000,0.671875
322.703125,0.875000
323.578125,0.875000
324.406250,0.828125
325.187500,0.781250
325.984375,0.796875
326.812500,0.828125
327.640625,0.828125
328.531250,0.890625
329.468750,0.937500
330.375000,0.906250
331.265625,0.890625
332.125000,0.859375
333.000000,0.875000
333.843750,0.843750
334.750000,0.906250
335.640625,0.890625
336.531250,0.890625
352.640625,0.906250
353.562500,0.921875
357.796875,0.828125
358.671875,0.875000
359.546875,0.875000
360.421875,0.875000
361.281250,0.859375
362.125000,0.843750
362.968750,0.843750
363.750000,0.781250
364.484375,0.734375
369.781250,0.734375
377.953125,0.828125
378.828125,0.875000
379.718750,0.890625
380.609375,0.890625
381.500000,0.890625
382.406250,0.906250
383.328125,0.921875
384.203125,0.875000
385.046875,0.843750
385.875000,0.828125
386.671875,0.796875
387.515625,0.843750
388.375000,0.859375
389.171875,0.796875
390.031250,0.859375
394.875000,0.781250
401.390625,0.781250
405.640625,0.843750
406.437500,0.796875
407.250000,0.812500
408.046875,0.796875
408.875000,0.828125
409.718750,0.843750
410.562500,0.843750
411.421875,0.859375
412.296875,0.875000
413.171875,0.875000
418.359375,0.875000
419.187500,0.828125
419.937500,0.750000
420.718750,0.781250
421.421875,0.703125
422.203125,0.781250
423.015625,0.812500
429.718750,0.843750
430.546875,0.828125
431.375000,0.828125
432.265625,0.890625
433.093750,0.828125
433.859375,0.765625
440.312500,0.765625
441.109375,0.796875
453.203125,0.750000
453.875000,0.671875
454.578125,0.703125
455.390625,0.812500
456.187500,0.796875
457.015625,0.828125
457.812500,0.796875
458.578125,0.765625
459.328125,0.750000
459.937500,0.609375
460.718750,0.781250
477.500000,0.750000
478.296875,0.796875
479.109375,0.812500
486.359375,0.890625
487.250000,0.890625
488.093750,0.843750
488.984375,0.890625
489.890625,0.906250
495.656250,0.859375
496.515625,0.859375
497.359375,0.843750
498.203125,0.843750
499.031250,0.828125
499.890625,0.859375
500.765625,0.875000
501.687500,0.921875
502.593750,0.906250
503.468750,0.875000
504.265625,0.796875
505.203125,0.937500
524.937500,0.593750
525.515625,0.578125
529.578125,0.718750
530.375000,0.796875
541.281250,0.734375
542.015625,0.734375
542.750000,0.734375
553.703125,0.906250
554.578125,0.875000
555.437500,0.859375
556.296875,0.859375
557.156250,0.859375
557.953125,0.796875
562.031250,0.781250
562.843750,0.812500
563.640625,0.796875
564.531250,0.890625
565.390625,0.859375
566.265625,0.875000
567.140625,0.875000
567.953125,0.812500
568.796875,0.843750
569.656250,0.859375
570.718750,1.062500
626.781250,0.781250
627.515625,0.734375
628.390625,0.875000
629.140625,0.750000
629.843750,0.703125
634.437500,0.828125
635.218750,0.781250
670.453125,0.640625
706.390625,0.812500
707.203125,0.812500
708.046875,0.843750
733.500000,0.671875
734.234375,0.734375
734.953125,0.718750
735.671875,0.718750
736.390625,0.718750
737.140625,0.750000
737.890625,0.750000
738.593750,0.703125
789.546875,0.906250
790.531250,0.984375
791.500000,0.968750
792.437500,0.937500
793.390625,0.953125
794.265625,0.875000
795.203125,0.937500
795.953125,0.750000
796.671875,0.718750
815.000000,1.125000
822.515625,0.875000
823.406250,0.890625
824.343750,0.937500
825.328125,0.984375
835.843750,0.953125
836.765625,0.921875
837.687500,0.921875
858.796875,0.843750
859.703125,0.906250
860.640625,0.937500
861.578125,0.937500
862.437500,0.859375
863.328125,0.890625
864.140625,0.812500
865.000000,0.859375
865.812500,0.812500
866.656250,0.843750
867.562500,0.906250
868.468750,0.906250
869.421875,0.953125
870.375000,0.953125
871.250000,0.875000
872.078125,0.828125
878.640625,0.906250
892.093750,0.921875
893.000000,0.906250
893.875000,0.875000
894.750000,0.875000
895.656250,0.906250
906.750000,0.609375
907.375000,0.625000
910.312500,0.687500
911.031250,0.718750
911.765625,0.734375
912.546875,0.781250
913.359375,0.812500
914.125000,0.765625
914.890625,0.765625
915.671875,0.781250
916.421875,0.750000
917.171875,0.750000
917.921875,0.750000
918.687500,0.765625
919.453125,0.765625
920.312500,0.859375
921.156250,0.843750
922.031250,0.875000
926.875000,0.843750
927.734375,0.859375
928.562500,0.828125
929.375000,0.812500
930.218750,0.843750
931.078125,0.859375
932.000000,0.921875
932.906250,0.906250
933.750000,0.843750
934.546875,0.796875
935.359375,0.812500
936.156250,0.796875
936.921875,0.765625
937.671875,0.750000
938.453125,0.781250
939.265625,0.812500
940.109375,0.843750
940.968750,0.859375
941.843750,0.875000
942.703125,0.859375
943.593750,0.890625
944.468750,0.875000
945.312500,0.843750
946.171875,0.859375
947.046875,0.875000
947.890625,0.843750
948.718750,0.828125
949.546875,0.828125
950.390625,0.843750
951.281250,0.890625
952.171875,0.890625
953.015625,0.843750
953.921875,0.906250
954.796875,0.875000
955.609375,0.812500
956.453125,0.843750
957.359375,0.906250
958.250000,0.890625
959.109375,0.859375
959.968750,0.859375
960.859375,0.890625
961.750000,0.890625
962.593750,0.843750
963.453125,0.859375
964.328125,0.875000
965.187500,0.859375
966.062500,0.875000
966.968750,0.906250
967.843750,0.875000
968.765625,0.921875
969.687500,0.921875
970.531250,0.843750
971.359375,0.828125
972.109375,0.750000
972.921875,0.812500
985.265625,0.750000
986.078125,0.812500
986.921875,0.843750
987.843750,0.921875
988.718750,0.875000
989.578125,0.859375
990.453125,0.875000
991.312500,0.859375
999.890625,0.703125
1000.593750,0.703125
1001.312500,0.718750
1002.093750,0.781250
1002.921875,0.828125
1003.765625,0.843750
1004.656250,0.890625
1005.531250,0.875000
1006.343750,0.812500
1007.171875,0.828125
1007.984375,0.812500
1008.828125,0.843750
1009.562500,0.734375
1010.515625,0.953125
1011.328125,0.812500
1015.796875,0.750000
1016.515625,0.718750
1017.281250,0.765625
1018.109375,0.828125
1019.046875,0.937500
1020.000000,0.953125
1020.906250,0.906250
1021.828125,0.921875
1022.734375,0.906250
1023.609375,0.875000
1024.453125,0.843750
1025.312500,0.859375
1026.156250,0.843750
1026.953125,0.796875
1027.781250,0.828125
1028.640625,0.859375
1029.500000,0.859375
1030.312500,0.812500
1031.187500,0.875000
1031.984375,0.796875
1032.796875,0.812500
1033.578125,0.781250
1034.359375,0.781250
1035.015625,0.656250
1035.937500,0.921875
1036.734375,0.796875
1037.531250,0.796875
1038.359375,0.828125
1039.234375,0.875000
1040.093750,0.859375
1040.984375,0.890625
1041.875000,0.890625
1042.750000,0.875000
1043.593750,0.843750
1044.421875,0.828125
1045.156250,0.734375
1050.218750,0.781250
1051.000000,0.781250
1051.828125,0.828125
1052.687500,0.859375
1053.515625,0.828125
1054.203125,0.687500
1055.062500,0.859375
1055.843750,0.781250
1059.671875,0.750000
1060.390625,0.718750
1061.156250,0.765625
1061.968750,0.812500
1062.812500,0.843750
1063.640625,0.828125
1064.468750,0.828125
1065.281250,0.812500
1066.093750,0.812500
1072.156250,0.718750
1072.906250,0.750000
1073.718750,0.812500
1074.515625,0.796875
1075.312500,0.796875
1076.046875,0.734375
1076.812500,0.765625
1077.578125,0.765625
1078.328125,0.750000
1079.046875,0.718750
1079.640625,0.593750
1080.500000,0.859375
1081.187500,0.687500
1081.890625,0.703125
1082.609375,0.718750
1083.343750,0.734375
1084.093750,0.750000
1084.859375,0.765625
1085.656250,0.796875
1086.437500,0.781250
1087.203125,0.765625
1087.921875,0.718750
1088.500000,0.578125
1093.937500,0.859375
1094.812500,0.875000
1095.640625,0.828125
1096.718750,1.078125
1097.500000,0.781250
1098.593750,1.093750
1102.234375,0.734375
1103.062500,0.828125
1103.890625,0.828125
1104.703125,0.812500
1105.578125,0.875000
1106.375000,0.796875
1119.109375,0.781250
1119.859375,0.750000
1126.312500,0.781250
1127.078125,0.765625
1127.875000,0.796875
1128.703125,0.828125
1129.531250,0.828125
1130.390625,0.859375
1131.234375,0.843750
1132.093750,0.859375
1137.609375,0.734375
1138.421875,0.812500
1139.281250,0.859375
1140.156250,0.875000
1167.421875,0.703125
1168.125000,0.703125
1168.828125,0.703125
1169.609375,0.781250
1170.437500,0.828125
1171.250000,0.812500
1176.125000,0.828125
1176.968750,0.843750
1177.796875,0.828125
1178.531250,0.734375
1179.421875,0.890625
1180.281250,0.859375
1187.531250,0.812500
1188.343750,0.812500
1189.171875,0.828125
1190.015625,0.843750
1190.875000,0.859375
1191.734375,0.859375
1192.593750,0.859375
1193.453125,0.859375
1194.203125,0.750000
1194.937500,0.734375
1195.687500,0.750000
1196.500000,0.812500
1197.328125,0.828125
1206.828125,0.843750
1207.625000,0.796875
1214.937500,0.828125
1221.406250,0.890625
1222.328125,0.921875
1223.078125,0.750000
1223.781250,0.703125
1224.734375,0.953125
1225.531250,0.796875
1254.328125,0.812500
1255.109375,0.781250
1255.906250,0.796875
1256.718750,0.812500
1257.546875,0.828125
1258.375000,0.828125
1259.203125,0.828125
1260.031250,0.828125
1260.859375,0.828125
1261.640625,0.781250
1262.421875,0.781250
1263.156250,0.734375
1263.921875,0.765625
1264.671875,0.750000
1265.406250,0.734375
1266.156250,0.750000
1266.968750,0.812500
1267.796875,0.828125
1268.640625,0.843750
1269.531250,0.890625
1270.406250,0.875000
1271.265625,0.859375
1288.937500,0.734375
1289.687500,0.750000
1290.437500,0.750000
1302.296875,0.703125
1303.078125,0.781250
1303.906250,0.828125
1304.703125,0.796875
1305.453125,0.750000
1319.109375,0.687500
1323.843750,0.765625
1324.562500,0.718750
1325.390625,0.828125
1326.140625,0.750000
1326.921875,0.781250
1327.718750,0.796875
1328.500000,0.781250
1329.265625,0.765625
1330.015625,0.750000
1330.750000,0.734375
1331.531250,0.781250
1336.015625,0.687500
1336.750000,0.734375
1337.515625,0.765625
1338.312500,0.796875
1339.093750,0.781250
1339.890625,0.796875
1350.453125,0.750000
1351.250000,0.796875
1351.953125,0.703125
1352.718750,0.765625
1353.515625,0.796875
1354.343750,0.828125
1355.218750,0.875000
1356.093750,0.875000
1356.984375,0.890625
1357.906250,0.921875
1358.843750,0.937500
1359.656250,0.812500
1360.453125,0.796875
1361.250000,0.796875
1362.062500,0.812500
1362.890625,0.828125
1363.718750,0.828125
1364.578125,0.859375
1365.453125,0.875000
1366.359375,0.906250
1379.031250,0.796875
1379.828125,0.796875
1380.640625,0.812500
1381.484375,0.843750
1382.375000,0.890625
1383.234375,0.859375
1384.125000,0.890625
1385.015625,0.890625
1395.140625,0.828125
1395.906250,0.765625
1396.687500,0.781250
1397.484375,0.796875
1398.265625,0.781250
1438.250000,0.796875
1439.046875,0.796875
1439.875000,0.828125
1440.734375,0.859375
1441.640625,0.906250
1442.562500,0.921875
1443.359375,0.796875
1444.203125,0.843750
1450.578125,0.734375
1451.328125,0.750000
1452.093750,0.765625
1452.906250,0.812500
1453.750000,0.843750
1454.578125,0.828125
1455.453125,0.875000
1456.328125,0.875000
1457.109375,0.781250
1457.890625,0.781250
1458.671875,0.781250
1459.484375,0.812500
1460.250000,0.765625
1461.078125,0.828125
1461.937500,0.859375
1462.859375,0.921875
1463.687500,0.828125
1464.500000,0.812500
1465.343750,0.843750
1466.156250,0.812500
1467.000000,0.843750
1467.843750,0.843750
1468.703125,0.859375
1469.500000,0.796875
1470.328125,0.828125
1471.171875,0.843750
1472.031250,0.859375
1472.875000,0.843750
1473.718750,0.843750
1474.531250,0.812500
1475.343750,0.812500
1476.125000,0.781250
1476.937500,0.812500
1477.703125,0.765625
1492.015625,0.656250
1492.734375,0.718750
1493.546875,0.812500
1494.421875,0.875000
1500.750000,0.781250
1501.562500,0.812500
1502.390625,0.828125
1503.171875,0.781250
1503.953125,0.781250
1504.750000,0.796875
1505.562500,0.812500
1525.765625,0.953125
1526.828125,1.062500
1543.812500,0.703125
1544.531250,0.718750
1545.234375,0.703125
1546.046875,0.812500
1546.875000,0.828125
1547.750000,0.875000
1548.656250,0.906250
1549.578125,0.921875
1550.437500,0.859375
1551.296875,0.859375
1561.421875,0.812500
1562.250000,0.828125
1563.125000,0.875000
1563.890625,0.765625
1564.625000,0.734375
1565.437500,0.812500
1569.921875,0.890625
1570.781250,0.859375
1571.656250,0.875000
1572.546875,0.890625
1573.406250,0.859375
1574.250000,0.843750
1575.062500,0.812500
1575.906250,0.843750
1576.765625,0.859375
1577.656250,0.890625
1578.578125,0.921875
1579.468750,0.890625
1580.359375,0.890625
1581.187500,0.828125
1582.000000,0.812500
1586.531250,0.843750
1587.390625,0.859375
1588.218750,0.828125
1589.046875,0.828125
1589.859375,0.812500
1590.703125,0.843750
1591.484375,0.781250
1592.265625,0.781250
1593.015625,0.750000
1593.812500,0.796875
1594.609375,0.796875
1595.437500,0.828125
1596.281250,0.843750
1597.046875,0.765625
1597.796875,0.750000
1598.531250,0.734375
1599.234375,0.703125
1599.953125,0.718750
1600.671875,0.718750
1601.421875,0.750000
1602.203125,0.781250
1602.984375,0.781250
1603.781250,0.796875
1604.562500,0.781250
1605.265625,0.703125
1606.015625,0.750000
1606.796875,0.781250
1607.531250,0.734375
1608.328125,0.796875
1609.156250,0.828125
1609.984375,0.828125
1610.843750,0.859375
1611.687500,0.843750
1612.546875,0.859375
1613.375000,0.828125
1614.171875,0.796875
1615.000000,0.828125
1615.796875,0.796875
1616.593750,0.796875
1617.421875,0.828125
1618.265625,0.843750
1619.125000,0.859375
1620.015625,0.890625
1620.921875,0.906250
1621.828125,0.906250
1622.703125,0.875000
1623.578125,0.875000
1624.390625,0.812500
1625.156250,0.765625
1625.937500,0.781250
1626.671875,0.734375
1627.515625,0.843750
1628.421875,0.906250
1629.343750,0.921875
1630.296875,0.953125
1631.218750,0.921875
1632.125000,0.906250
1633.015625,0.890625
1633.890625,0.875000
1634.718750,0.828125
1635.593750,0.875000
1636.500000,0.906250
1637.437500,0.937500
1638.375000,0.937500
1639.281250,0.906250
1640.218750,0.937500
1641.125000,0.906250
1641.921875,0.796875
1642.656250,0.734375
1643.343750,0.687500
1644.093750,0.750000
1644.968750,0.875000
1645.828125,0.859375
1646.687500,0.859375
1647.562500,0.875000
1648.437500,0.875000
1649.281250,0.843750
1650.109375,0.828125
1655.859375,0.781250
1656.671875,0.812500
1657.468750,0.796875
1658.218750,0.750000
1658.953125,0.734375
1659.609375,0.656250
1660.281250,0.671875
1660.953125,0.671875
1661.640625,0.687500
1662.359375,0.718750
1663.140625,0.781250
1663.906250,0.765625
1664.703125,0.796875
1665.484375,0.781250
1666.234375,0.750000
1666.921875,0.687500
1667.640625,0.718750
1668.359375,0.718750
1669.031250,0.671875
1669.750000,0.718750
1670.468750,0.718750
1671.171875,0.703125
1671.906250,0.734375
1672.609375,0.703125
1673.328125,0.718750
1674.046875,0.718750
1674.781250,0.734375
1675.546875,0.765625
1676.328125,0.781250
1677.078125,0.750000
1677.828125,0.750000
1678.578125,0.750000
1679.359375,0.781250
1680.156250,0.796875
1680.953125,0.796875
1681.640625,0.687500
1682.546875,0.906250
1683.375000,0.828125
1730.875000,0.640625
1731.562500,0.687500
1732.453125,0.890625
1735.906250,0.734375
1736.656250,0.750000
1737.406250,0.750000
1738.140625,0.734375
1738.843750,0.703125
1739.500000,0.656250
1740.140625,0.640625
1740.781250,0.640625
1741.375000,0.593750
1742.000000,0.625000
1742.656250,0.656250
1743.375000,0.718750
1744.093750,0.718750
1763.906250,0.765625
1764.890625,0.984375
1770.375000,0.796875
1775.031250,0.656250
1779.781250,0.812500
1780.562500,0.781250
1781.312500,0.750000
1784.734375,0.656250
1796.312500,0.718750
1797.000000,0.687500
1797.656250,0.656250
1798.296875,0.640625
1798.937500,0.640625
1799.625000,0.687500
1800.312500,0.687500
1844.437500,0.703125
1845.109375,0.671875
1849.968750,0.734375
1850.765625,0.796875
1851.515625,0.750000
1852.187500,0.671875
1856.546875,0.781250
1857.218750,0.671875
1857.906250,0.687500
1858.640625,0.734375
1859.406250,0.765625
1860.187500,0.781250
1861.000000,0.812500
1861.828125,0.828125
1862.640625,0.812500
1863.421875,0.781250
1864.156250,0.734375
1864.906250,0.750000
1865.609375,0.703125
1866.312500,0.703125
1867.031250,0.718750
1888.171875,0.609375
1891.046875,0.578125
1905.000000,0.828125
1906.093750,1.093750
1919.578125,0.781250
1932.859375,0.640625
1933.406250,0.546875
1939.031250,0.703125
1982.937500,0.781250
1983.687500,0.750000
1984.453125,0.765625
1985.187500,0.734375
1985.937500,0.750000
1986.687500,0.750000
1987.437500,0.750000
1988.203125,0.765625
1988.968750,0.765625
1989.640625,0.671875
2010.062500,0.750000
2023.640625,0.796875
2024.390625,0.750000
2025.125000,0.734375
2025.890625,0.765625
2026.687500,0.796875
2027.515625,0.828125
2028.359375,0.843750
2029.218750,0.859375
2030.078125,0.859375
2049.671875,0.546875
2050.218750,0.546875
2050.765625,0.546875
2051.312500,0.546875
2051.750000,0.437500
2116.000000,0.640625
2116.640625,0.640625
