1675174367.000000, IBI
26.250000,0.765625
27.015625,0.765625
27.781250,0.765625
28.484375,0.703125
29.187500,0.703125
29.953125,0.765625
30.765625,0.812500
31.625000,0.859375
32.484375,0.859375
33.328125,0.843750
34.125000,0.796875
34.890625,0.765625
35.703125,0.812500
36.515625,0.812500
37.390625,0.875000
38.250000,0.859375
39.078125,0.828125
39.984375,0.906250
40.953125,0.968750
41.875000,0.921875
42.718750,0.843750
43.484375,0.765625
44.250000,0.765625
45.046875,0.796875
45.921875,0.875000
46.750000,0.828125
47.531250,0.781250
48.281250,0.750000
49.078125,0.796875
49.937500,0.859375
50.750000,0.812500
51.500000,0.750000
52.218750,0.718750
53.000000,0.781250
53.781250,0.781250
54.625000,0.843750
55.375000,0.750000
56.171875,0.796875
56.984375,0.812500
57.859375,0.875000
58.703125,0.843750
59.484375,0.781250
60.265625,0.781250
61.046875,0.781250
61.875000,0.828125
62.671875,0.796875
63.500000,0.828125
64.375000,0.875000
65.296875,0.921875
66.140625,0.843750
67.015625,0.875000
67.906250,0.890625
68.859375,0.953125
69.750000,0.890625
70.562500,0.812500
71.296875,0.734375
72.015625,0.718750
89.531250,0.718750
90.281250,0.750000
91.031250,0.750000
91.765625,0.734375
92.484375,0.718750
93.187500,0.703125
93.812500,0.625000
94.515625,0.703125
95.218750,0.703125
208.625000,0.562500
209.203125,0.578125
209.765625,0.562500
210.406250,0.640625
211.093750,0.687500
211.781250,0.687500
212.437500,0.656250
213.078125,0.640625
213.703125,0.625000
214.437500,0.734375
215.140625,0.703125
215.859375,0.718750
216.484375,0.625000
217.093750,0.609375
217.671875,0.578125
218.296875,0.625000
218.890625,0.593750
219.546875,0.656250
220.265625,0.718750
221.062500,0.796875
221.796875,0.734375
222.515625,0.718750
223.281250,0.765625
224.093750,0.812500
224.906250,0.812500
225.671875,0.765625
226.500000,0.828125
284.906250,0.875000
285.843750,0.937500
286.750000,0.906250
287.640625,0.890625
288.515625,0.875000
289.296875,0.781250
290.062500,0.765625
290.859375,0.796875
291.671875,0.812500
292.437500,0.765625
293.265625,0.828125
294.171875,0.906250
337.687500,0.656250
347.515625,0.781250
348.265625,0.750000
348.953125,0.687500
349.640625,0.687500
350.281250,0.640625
350.921875,0.640625
351.609375,0.687500
352.250000,0.640625
352.906250,0.656250
353.546875,0.640625
354.203125,0.656250
354.875000,0.671875
368.718750,0.734375
369.453125,0.734375
370.187500,0.734375
370.937500,0.750000
371.687500,0.750000
372.468750,0.781250
373.203125,0.734375
373.937500,0.734375
374.703125,0.765625
375.437500,0.734375
376.140625,0.703125
376.828125,0.687500
377.468750,0.640625
378.109375,0.640625
378.812500,0.703125
379.593750,0.781250
380.375000,0.781250
381.031250,0.656250
381.875000,0.843750
387.437500,0.687500
388.078125,0.640625
388.750000,0.671875
389.468750,0.718750
390.218750,0.750000
390.953125,0.734375
409.078125,0.703125
409.734375,0.656250
410.421875,0.687500
411.109375,0.687500
411.796875,0.687500
412.515625,0.718750
418.687500,0.703125
419.390625,0.703125
420.078125,0.687500
420.734375,0.656250
421.453125,0.718750
422.156250,0.703125
422.859375,0.703125
508.000000,0.765625
508.765625,0.765625
509.500000,0.734375
510.218750,0.718750
522.859375,0.765625
523.703125,0.843750
524.562500,0.859375
549.125000,0.796875
549.875000,0.750000
550.593750,0.718750
860.140625,0.859375
1055.125000,0.687500
1334.703125,0.796875
1335.484375,0.781250
1336.234375,0.750000
1336.906250,0.671875
1337.593750,0.687500
1356.234375,0.718750
1356.937500,0.703125
1357.656250,0.718750
1358.390625,0.734375
1359.140625,0.750000
1359.921875,0.781250
1360.687500,0.765625
1361.390625,0.703125
1362.109375,0.718750
1362.828125,0.718750
1363.484375,0.656250
1364.156250,0.671875
1364.828125,0.671875
1365.468750,0.640625
1366.125000,0.656250
1366.828125,0.703125
1367.562500,0.734375
1368.281250,0.718750
1369.062500,0.781250
1369.859375,0.796875
1381.921875,0.593750
1382.531250,0.609375
1383.125000,0.593750
1383.750000,0.625000
1384.375000,0.625000
1385.046875,0.671875
1385.734375,0.687500
1386.468750,0.734375
1405.609375,0.703125
1406.312500,0.703125
1407.046875,0.734375
1407.812500,0.765625
1408.531250,0.718750
1409.281250,0.750000
1410.140625,0.859375
1411.031250,0.890625
1411.859375,0.828125
1412.562500,0.703125
1413.265625,0.703125
1413.937500,0.671875
1420.359375,0.765625
1430.921875,0.796875
1431.734375,0.812500
1432.562500,0.828125
1433.312500,0.750000
1434.046875,0.734375
1434.781250,0.734375
1435.515625,0.734375
1436.250000,0.734375
1436.968750,0.718750
1437.640625,0.671875
1438.328125,0.687500
1439.078125,0.750000
1439.890625,0.812500
1440.656250,0.765625
1441.453125,0.796875
1442.281250,0.828125
1443.078125,0.796875
1443.828125,0.750000
1444.625000,0.796875
1445.468750,0.843750
1446.343750,0.875000
1447.187500,0.843750
1447.984375,0.796875
1448.875000,0.890625
1449.625000,0.750000
1454.437500,0.828125
1455.281250,0.843750
1456.109375,0.828125
1456.968750,0.859375
1457.843750,0.875000
1458.656250,0.812500
1459.468750,0.812500
1475.734375,0.859375
1476.593750,0.859375
1477.421875,0.828125
1478.218750,0.796875
1478.953125,0.734375
1479.718750,0.765625
1480.500000,0.781250
1481.328125,0.828125
1482.125000,0.796875
1482.968750,0.843750
1483.828125,0.859375
1484.687500,0.859375
1485.562500,0.875000
1486.359375,0.796875
1487.156250,0.796875
1487.968750,0.812500
1488.828125,0.859375
1489.671875,0.843750
1490.515625,0.843750
1491.390625,0.875000
1492.312500,0.921875
1493.156250,0.843750
1494.000000,0.843750
1494.828125,0.828125
1495.687500,0.859375
1496.515625,0.828125
1497.343750,0.828125
1498.265625,0.921875
1499.156250,0.890625
1500.015625,0.859375
1500.812500,0.796875
1501.640625,0.828125
1502.484375,0.843750
1503.328125,0.843750
1521.140625,0.843750
1521.968750,0.828125
1522.828125,0.859375
1523.640625,0.812500
1524.421875,0.781250
1525.218750,0.796875
1526.046875,0.828125
1526.921875,0.875000
1527.718750,0.796875
1569.281250,0.718750
1569.953125,0.671875
1570.562500,0.609375
1571.250000,0.687500
1572.046875,0.796875
1577.656250,0.812500
1578.375000,0.718750
1584.828125,0.843750
1585.625000,0.796875
1586.484375,0.859375
1587.281250,0.796875
1588.078125,0.796875
1588.812500,0.734375
1604.484375,0.609375
1605.109375,0.625000
1605.796875,0.687500
1614.031250,0.750000
1614.765625,0.734375
1615.468750,0.703125
1616.203125,0.734375
1616.968750,0.765625
1625.906250,0.812500
1626.687500,0.781250
1627.515625,0.828125
1628.265625,0.750000
1629.078125,0.812500
1629.890625,0.812500
1664.671875,0.812500
1675.843750,0.843750
1676.687500,0.843750
1705.906250,0.812500
1715.859375,0.750000
1716.625000,0.765625
1736.765625,0.859375
1737.640625,0.875000
1738.515625,0.875000
1739.390625,0.875000
1740.218750,0.828125
1741.046875,0.828125
1741.875000,0.828125
1742.671875,0.796875
1743.437500,0.765625
1744.250000,0.812500
1745.031250,0.781250
1745.812500,0.781250
1746.531250,0.718750
1821.796875,0.875000
1822.687500,0.890625
1823.500000,0.812500
1824.328125,0.828125
1835.234375,0.750000
1847.984375,0.906250
1848.843750,0.859375
1849.671875,0.828125
1850.468750,0.796875
1851.281250,0.812500
1855.968750,0.859375
1856.781250,0.812500
1857.562500,0.781250
1858.406250,0.843750
1859.234375,0.828125
1860.031250,0.796875
1902.062500,0.750000
1902.843750,0.781250
1903.656250,0.812500
1913.234375,0.843750
1914.093750,0.859375
1914.968750,0.875000
1928.171875,0.750000
1928.921875,0.750000
1929.656250,0.734375
