1676877506.000000, IBI
19.609375,0.796875
20.406250,0.796875
21.171875,0.765625
21.875000,0.703125
22.593750,0.718750
23.281250,0.687500
129.312500,0.687500
130.046875,0.734375
216.234375,0.687500
216.937500,0.703125
217.578125,0.640625
218.250000,0.671875
218.921875,0.671875
219.625000,0.703125
220.328125,0.703125
221.062500,0.734375
221.796875,0.734375
258.343750,0.640625
258.984375,0.640625
259.656250,0.671875
260.312500,0.656250
260.984375,0.671875
261.671875,0.687500
262.390625,0.718750
263.078125,0.687500
266.953125,0.656250
267.640625,0.687500
268.406250,0.765625
269.187500,0.781250
270.015625,0.828125
270.781250,0.765625
271.578125,0.796875
279.171875,0.718750
279.875000,0.703125
280.593750,0.718750
281.296875,0.703125
282.000000,0.703125
282.703125,0.703125
283.437500,0.734375
284.156250,0.718750
284.906250,0.750000
285.625000,0.718750
286.359375,0.734375
287.062500,0.703125
287.765625,0.703125
288.484375,0.718750
289.171875,0.687500
289.859375,0.687500
290.531250,0.671875
291.109375,0.578125
300.781250,0.656250
301.375000,0.593750
301.937500,0.562500
302.500000,0.562500
307.937500,0.703125
308.609375,0.671875
309.281250,0.671875
309.921875,0.640625
310.546875,0.625000
311.156250,0.609375
311.796875,0.640625
312.437500,0.640625
313.093750,0.656250
313.781250,0.687500
314.484375,0.703125
315.171875,0.687500
315.859375,0.687500
316.546875,0.687500
317.187500,0.640625
317.812500,0.625000
318.468750,0.656250
319.125000,0.656250
319.828125,0.703125
320.531250,0.703125
321.218750,0.687500
321.937500,0.718750
322.671875,0.734375
323.406250,0.734375
324.109375,0.703125
324.828125,0.718750
325.546875,0.718750
326.265625,0.718750
326.953125,0.687500
327.656250,0.703125
345.734375,0.765625
346.500000,0.765625
347.250000,0.750000
348.000000,0.750000
348.734375,0.734375
349.453125,0.718750
350.156250,0.703125
350.859375,0.703125
351.562500,0.703125
352.281250,0.718750
353.015625,0.734375
353.718750,0.703125
354.468750,0.750000
355.187500,0.718750
355.921875,0.734375
356.656250,0.734375
357.421875,0.765625
358.187500,0.765625
358.937500,0.750000
359.671875,0.734375
360.375000,0.703125
361.109375,0.734375
361.828125,0.718750
362.531250,0.703125
363.250000,0.718750
364.000000,0.750000
364.703125,0.703125
365.390625,0.687500
366.078125,0.687500
366.781250,0.703125
367.468750,0.687500
368.125000,0.656250
368.781250,0.656250
369.343750,0.562500
370.125000,0.781250
370.796875,0.671875
371.437500,0.640625
372.093750,0.656250
372.734375,0.640625
373.390625,0.656250
374.000000,0.609375
374.625000,0.625000
375.234375,0.609375
375.875000,0.640625
376.500000,0.625000
377.125000,0.625000
420.156250,0.625000
420.812500,0.656250
421.484375,0.671875
422.171875,0.687500
422.890625,0.718750
423.593750,0.703125
424.312500,0.718750
424.984375,0.671875
425.656250,0.671875
426.296875,0.640625
427.015625,0.718750
427.703125,0.687500
428.375000,0.671875
429.062500,0.687500
429.750000,0.687500
430.468750,0.718750
431.203125,0.734375
431.953125,0.750000
432.703125,0.750000
433.453125,0.750000
463.265625,0.781250
464.015625,0.750000
464.734375,0.718750
465.421875,0.687500
475.765625,0.718750
476.484375,0.718750
477.218750,0.734375
477.968750,0.750000
478.750000,0.781250
479.562500,0.812500
480.281250,0.718750
481.031250,0.750000
481.796875,0.765625
482.562500,0.765625
483.343750,0.781250
484.109375,0.765625
503.828125,0.734375
504.546875,0.718750
505.250000,0.703125
505.968750,0.718750
506.625000,0.656250
507.281250,0.656250
507.937500,0.656250
508.609375,0.671875
509.296875,0.687500
510.015625,0.718750
510.750000,0.734375
511.453125,0.703125
512.203125,0.750000
512.937500,0.734375
513.656250,0.718750
514.406250,0.750000
515.125000,0.718750
515.906250,0.781250
516.703125,0.796875
517.453125,0.750000
518.250000,0.796875
519.031250,0.781250
519.734375,0.703125
520.468750,0.734375
521.203125,0.734375
529.156250,0.828125
529.984375,0.828125
530.765625,0.781250
539.031250,0.609375
539.640625,0.609375
540.281250,0.640625
540.921875,0.640625
541.578125,0.656250
542.250000,0.671875
542.875000,0.625000
543.515625,0.640625
544.140625,0.625000
544.750000,0.609375
545.343750,0.593750
546.000000,0.656250
561.750000,0.750000
562.500000,0.750000
563.218750,0.718750
563.984375,0.765625
564.687500,0.703125
565.421875,0.734375
566.156250,0.734375
566.875000,0.718750
616.703125,0.671875
617.390625,0.687500
618.046875,0.656250
618.703125,0.656250
619.343750,0.640625
620.015625,0.671875
620.703125,0.687500
621.375000,0.671875
622.046875,0.671875
622.734375,0.687500
623.375000,0.640625
663.671875,0.734375
664.421875,0.750000
665.187500,0.765625
665.890625,0.703125
666.687500,0.796875
667.468750,0.781250
668.203125,0.734375
668.937500,0.734375
687.046875,0.734375
709.968750,0.734375
710.687500,0.718750
711.406250,0.718750
712.156250,0.750000
712.921875,0.765625
713.718750,0.796875
729.171875,0.640625
729.843750,0.671875
730.546875,0.703125
731.218750,0.671875
731.921875,0.703125
736.562500,0.656250
737.171875,0.609375
737.781250,0.609375
738.390625,0.609375
738.968750,0.578125
739.562500,0.593750
740.125000,0.562500
740.718750,0.593750
741.343750,0.625000
742.015625,0.671875
742.703125,0.687500
743.390625,0.687500
744.109375,0.718750
750.031250,0.671875
750.703125,0.671875
751.359375,0.656250
759.109375,0.640625
759.703125,0.593750
760.296875,0.593750
760.906250,0.609375
761.484375,0.578125
762.109375,0.625000
762.750000,0.640625
763.406250,0.656250
772.609375,0.562500
773.187500,0.578125
777.671875,0.703125
778.390625,0.718750
779.031250,0.640625
779.687500,0.656250
780.343750,0.656250
780.984375,0.640625
781.593750,0.609375
782.250000,0.656250
782.921875,0.671875
783.531250,0.609375
784.187500,0.656250
784.796875,0.609375
785.468750,0.671875
786.062500,0.593750
786.656250,0.593750
787.265625,0.609375
787.875000,0.609375
788.515625,0.640625
789.171875,0.656250
789.828125,0.656250
790.531250,0.703125
791.250000,0.718750
791.953125,0.703125
802.015625,0.671875
802.718750,0.703125
803.375000,0.656250
804.031250,0.656250
809.109375,0.671875
845.718750,0.687500
846.437500,0.718750
847.140625,0.703125
847.875000,0.734375
848.609375,0.734375
849.328125,0.718750
898.734375,0.703125
899.484375,0.750000
900.265625,0.781250
900.953125,0.687500
901.656250,0.703125
902.421875,0.765625
903.171875,0.750000
903.953125,0.781250
940.062500,0.781250
940.812500,0.750000
962.578125,0.687500
963.296875,0.718750
964.015625,0.718750
964.718750,0.703125
965.453125,0.734375
966.187500,0.734375
996.593750,0.796875
1027.718750,0.750000
1028.484375,0.765625
1029.234375,0.750000
1029.968750,0.734375
1030.703125,0.734375
1031.468750,0.765625
1032.203125,0.734375
1032.921875,0.718750
1055.484375,0.703125
1056.187500,0.703125
1056.875000,0.687500
1057.562500,0.687500
1058.203125,0.640625
1058.859375,0.656250
1059.531250,0.671875
1060.125000,0.593750
1069.156250,0.781250
1069.937500,0.781250
1070.718750,0.781250
1071.531250,0.812500
1072.296875,0.765625
1073.093750,0.796875
1073.875000,0.781250
1074.656250,0.781250
1075.437500,0.781250
1076.234375,0.796875
1077.046875,0.812500
1083.562500,0.859375
1084.390625,0.828125
1105.781250,0.718750
1106.468750,0.687500
1107.156250,0.687500
1107.796875,0.640625
1108.468750,0.671875
1109.156250,0.687500
1109.812500,0.656250
1140.218750,0.812500
1141.031250,0.812500
1150.734375,0.843750
1151.578125,0.843750
1152.390625,0.812500
1153.218750,0.828125
1154.000000,0.781250
1154.687500,0.687500
1175.578125,0.703125
1176.281250,0.703125
1177.000000,0.718750
1177.765625,0.765625
1178.562500,0.796875
1197.421875,0.812500
1198.218750,0.796875
1199.000000,0.781250
1199.843750,0.843750
1200.562500,0.718750
1201.312500,0.750000
1202.078125,0.765625
1210.515625,0.781250
1211.296875,0.781250
1267.406250,0.750000
1268.140625,0.734375
1268.875000,0.734375
1269.671875,0.796875
1270.453125,0.781250
1271.265625,0.812500
1272.000000,0.734375
1272.828125,0.828125
1278.343750,0.781250
1279.140625,0.796875
1279.906250,0.765625
1280.640625,0.734375
1281.343750,0.703125
1282.250000,0.906250
1310.890625,0.656250
1311.515625,0.625000
1312.140625,0.625000
1328.453125,0.781250
1329.265625,0.812500
1343.921875,0.640625
1392.671875,0.765625
1393.453125,0.781250
1397.281250,0.765625
1398.031250,0.750000
1398.796875,0.765625
1399.546875,0.750000
1400.296875,0.750000
1401.062500,0.765625
1401.781250,0.718750
1402.531250,0.750000
1403.296875,0.765625
1404.078125,0.781250
1404.890625,0.812500
1405.671875,0.781250
1406.453125,0.781250
1407.218750,0.765625
1407.953125,0.734375
1408.718750,0.765625
1409.453125,0.734375
1410.218750,0.765625
1410.984375,0.765625
1411.750000,0.765625
1412.500000,0.750000
1413.203125,0.703125
1413.890625,0.687500
1414.593750,0.703125
1422.921875,0.703125
1423.609375,0.687500
1424.296875,0.687500
1425.000000,0.703125
1425.671875,0.671875
1426.359375,0.687500
1427.046875,0.687500
1427.796875,0.750000
1428.531250,0.734375
1438.671875,0.640625
1439.312500,0.640625
1439.984375,0.671875
1440.718750,0.734375
1441.468750,0.750000
1442.265625,0.796875
1460.500000,0.734375
1461.218750,0.718750
1461.953125,0.734375
1478.656250,0.734375
1479.453125,0.796875
1490.234375,0.640625
1490.859375,0.625000
1491.468750,0.609375
1492.093750,0.625000
1492.703125,0.609375
1493.312500,0.609375
1493.968750,0.656250
1494.671875,0.703125
1495.390625,0.718750
1496.125000,0.734375
1496.906250,0.781250
1497.500000,0.593750
1498.328125,0.828125
1499.000000,0.671875
1499.609375,0.609375
1506.281250,0.625000
1506.921875,0.640625
1507.562500,0.640625
1508.218750,0.656250
1508.875000,0.656250
1509.531250,0.656250
1510.187500,0.656250
1510.828125,0.640625
1511.453125,0.625000
1512.078125,0.625000
1512.687500,0.609375
1513.281250,0.593750
1513.875000,0.593750
1514.531250,0.656250
1515.250000,0.718750
1520.406250,0.734375
1521.171875,0.765625
1521.921875,0.750000
1522.703125,0.781250
1528.390625,0.750000
1529.140625,0.750000
1529.906250,0.765625
1537.468750,0.750000
1540.796875,0.656250
1561.140625,0.750000
1561.937500,0.796875
1562.734375,0.796875
1563.515625,0.781250
1564.296875,0.781250
1565.078125,0.781250
1565.796875,0.718750
1566.531250,0.734375
1567.234375,0.703125
1567.968750,0.734375
1568.765625,0.796875
1569.390625,0.625000
1570.109375,0.718750
1570.765625,0.656250
1571.328125,0.562500
1572.046875,0.718750
1572.718750,0.671875
1573.406250,0.687500
1574.171875,0.765625
1574.968750,0.796875
1575.718750,0.750000
1576.437500,0.718750
1614.062500,0.593750
1619.000000,0.656250
1619.656250,0.656250
1620.343750,0.687500
1621.031250,0.687500
1621.718750,0.687500
1622.437500,0.718750
1625.703125,0.625000
1626.312500,0.609375
1626.906250,0.593750
1627.531250,0.625000
1628.156250,0.625000
1632.546875,0.718750
1633.234375,0.687500
1633.906250,0.671875
1667.843750,0.671875
1668.546875,0.703125
1669.265625,0.718750
1669.984375,0.718750
1670.734375,0.750000
1671.500000,0.765625
1672.296875,0.796875
1673.062500,0.765625
1673.859375,0.796875
1674.656250,0.796875
1675.406250,0.750000
1684.250000,0.750000
1685.031250,0.781250
1695.000000,0.828125
1695.812500,0.812500
1696.703125,0.890625
1697.437500,0.734375
1698.218750,0.781250
1699.015625,0.796875
1699.750000,0.734375
1700.531250,0.781250
1701.281250,0.750000
1702.109375,0.828125
1702.921875,0.812500
1703.781250,0.859375
1712.312500,0.703125
1713.031250,0.718750
1713.781250,0.750000
1718.468750,0.812500
1719.218750,0.750000
1719.921875,0.703125
1720.609375,0.687500
1724.750000,0.812500
1787.609375,0.765625
1788.406250,0.796875
1789.203125,0.796875
1790.000000,0.796875
1790.781250,0.781250
1791.531250,0.750000
1796.421875,0.703125
1797.125000,0.703125
1797.828125,0.703125
1798.562500,0.734375
1799.281250,0.718750
1799.968750,0.687500
1800.671875,0.703125
1801.390625,0.718750
1802.140625,0.750000
1802.906250,0.765625
1803.656250,0.750000
1809.718750,0.781250
1810.500000,0.781250
1811.281250,0.781250
1812.078125,0.796875
1812.859375,0.781250
1813.656250,0.796875
1814.437500,0.781250
1815.234375,0.796875
1816.015625,0.781250
1816.781250,0.765625
1817.484375,0.703125
1818.187500,0.703125
1818.921875,0.734375
1819.687500,0.765625
1820.453125,0.765625
1821.281250,0.828125
1822.093750,0.812500
1822.890625,0.796875
1823.640625,0.750000
1824.406250,0.765625
1825.156250,0.750000
1825.906250,0.750000
1826.640625,0.734375
1827.406250,0.765625
1828.187500,0.781250
1828.968750,0.781250
1829.718750,0.750000
1830.484375,0.765625
1831.265625,0.781250
1832.046875,0.781250
1832.812500,0.765625
1833.593750,0.781250
1834.390625,0.796875
1835.171875,0.781250
1835.937500,0.765625
1836.703125,0.765625
1837.484375,0.781250
1838.250000,0.765625
1839.015625,0.765625
1839.765625,0.750000
1840.546875,0.781250
1841.312500,0.765625
1845.031250,0.734375
1845.796875,0.765625
1846.546875,0.750000
1847.250000,0.703125
1847.984375,0.734375
1848.718750,0.734375
1849.453125,0.734375
1850.187500,0.734375
1850.953125,0.765625
1851.734375,0.781250
1852.484375,0.750000
1853.218750,0.734375
1853.968750,0.750000
1854.703125,0.734375
1855.421875,0.718750
1856.171875,0.750000
1856.953125,0.781250
1909.296875,0.765625
1910.031250,0.734375
1910.765625,0.734375
1911.515625,0.750000
1912.250000,0.734375
1912.984375,0.734375
1918.296875,0.796875
1936.796875,0.671875
1959.406250,0.718750
1960.203125,0.796875
1960.968750,0.765625
1968.750000,0.671875
1969.437500,0.687500
1970.140625,0.703125
1970.843750,0.703125
1971.562500,0.718750
1972.265625,0.703125
1972.968750,0.703125
2000.546875,0.703125
2001.250000,0.703125
2001.921875,0.671875
2002.578125,0.656250
2003.125000,0.546875
2006.953125,0.625000
2007.593750,0.640625
2008.296875,0.703125
2012.406250,0.703125
2013.109375,0.703125
2013.812500,0.703125
